1764743781_0_picture.png [0.141791, -0.132199, 0.473556, 0.082588, 0.092462, 0.070785] 0.3183
1764743787_6_picture.png [0.225110, -0.105051, 0.454695, 0.107802, 0.237988, 0.037095] 0.9000
1764743788_7_picture.png [0.198998, -0.024724, 0.473388, 0.109141, 0.205625, -0.100519] 0.8928
1764743791_10_picture.png [0.327416, -0.091847, 0.400045, 0.101068, 0.404452, 0.043026] 1.1562
1764744086_12_picture.png [0.237614, -0.010507, 0.460393, 0.146124, 0.256308, -0.108689] 0.6438
1764744087_13_picture.png [0.260480, -0.035676, 0.447160, 0.156877, 0.288284, -0.052367] 0.6780
1764744089_15_picture.png [0.093249, -0.004672, 0.500245, 0.224834, -0.009346, -0.136332] 2.1114
1764744090_16_picture.png [0.089836, 0.033692, 0.493785, 0.185164, 0.035095, -0.251619] 1.3473
1764744093_19_picture.png [0.079850, -0.069814, 0.504699, 0.202387, -0.043944, -0.022714] 1.7097
1764744094_20_picture.png [0.190706, -0.054449, 0.474521, 0.183228, 0.163856, -0.036772] 0.6311
1764744100_26_picture.png [0.102299, -0.049041, 0.481397, 0.097583, 0.012343, -0.064029] 0.6898
1764744101_27_picture.png [0.195060, -0.011201, 0.444425, 0.114408, 0.189731, -0.109620] 0.5941
1764744104_30_picture.png [0.198617, -0.017306, 0.443105, 0.106370, 0.201215, -0.103576] 1.2324
1764744106_32_picture.png [0.106055, -0.029320, 0.473145, 0.126684, 0.030586, -0.089061] 0.5165
1764744114_40_picture.png [0.119294, -0.152805, 0.457258, 0.043004, 0.046396, 0.111347] 0.8954
1764744115_41_picture.png [0.230796, -0.102987, 0.435529, 0.113518, 0.226438, 0.057649] 0.7300
1764744116_42_picture.png [0.233535, -0.099911, 0.446339, 0.103419, 0.226620, 0.041428] 0.6570
1764744117_43_picture.png [0.258919, -0.067372, 0.434868, 0.071165, 0.286718, -0.027905] 0.4227
1764744118_44_picture.png [0.215751, -0.081215, 0.453799, 0.045790, 0.201983, -0.013653] 0.5525
1764744119_45_picture.png [0.181823, -0.069549, 0.472012, 0.119321, 0.140028, -0.015936] 0.2868
capture_0037.png [-0.251157, -0.288615, 1.168940, 0.071576, 0.399353, 0.156246] 3.7942
