1764743781_0_picture: [0.354475, 0.281695, -1.600695, -1.647048, -0.096595, -0.062943]
1764743782_1_picture: [0.346256, 0.345690, -1.602397, -1.658211, -0.281225, -0.016110]
1764743783_2_picture: [0.343563, 0.373681, -1.613050, -1.699424, -0.367056, 0.026234]
1764743784_3_picture: [0.357105, 0.275661, -1.616048, -1.672237, -0.096030, 0.011292]
1764743785_4_picture: [0.344065, 0.227908, -1.628168, -1.688881, 0.035735, 0.006869]
1764743786_5_picture: [0.293918, -0.352607, -1.614372, 3.026269, -0.178435, -0.026257]
1764743787_6_picture: [0.358910, 0.327015, -1.614756, -1.672798, -0.237761, -0.011872]
1764743791_10_picture: [0.344509, 0.394331, -1.625141, -1.664826, -0.389802, 0.001589]
1764743792_11_picture: [0.313408, 0.336733, -1.615067, -1.706751, -0.169899, 0.069243]
1764744093_19_picture: [0.310095, 0.279777, -1.622213, -1.772391, 0.047121, 0.012776]
1764744094_20_picture: [0.345781, 0.321549, -1.604623, -1.762222, -0.151953, 0.066082]
1764744114_40_picture: [0.343796, 0.298616, -1.549275, -1.608469, -0.049536, -0.108809]
1764744115_41_picture: [0.329970, 0.377425, -1.561488, -1.674278, -0.227266, -0.031918]
1764744116_42_picture: [0.336433, 0.383066, -1.592576, -1.667535, -0.225649, -0.018363]
1764744117_43_picture: [0.319736, 0.404211, -1.583384, -1.652888, -0.275075, 0.047564]
1764744118_44_picture: [0.316095, 0.384921, -1.580074, -1.620343, -0.197022, 0.022354]
1764744119_45_picture: [0.320053, 0.343494, -1.592712, -1.693516, -0.135029, 0.032447]